0.129917 0.997190 0.999404 0.997104 0.997412 0.997417 0.997417 0.997417 0.997417 0.997417 
0.697226 0.360366 0.012080 0.011964 0.012084 0.012068 0.012068 0.012068 0.012068 0.012068 
0.234291 0.725222 0.545230 0.576997 0.591982 0.590757 0.590852 0.590845 0.590846 0.590846 
0.858852 0.936615 0.856339 0.672237 0.639002 0.632940 0.631805 0.631594 0.631555 0.631547 
0.919919 0.374810 0.434272 0.497784 0.497805 0.497783 0.497786 0.497786 0.497786 0.497786 

0.567064 0.894194 0.993461 0.988091 0.989220 0.988961 0.990675 0.990725 0.990801 0.990453 
0.543870 0.682313 0.715563 0.419283 0.412233 0.407207 0.456798 0.458499 0.460323 0.449209 
0.218024 0.620029 0.683987 0.702217 0.701246 0.701450 0.701403 0.701713 0.701722 0.701736 
0.342326 0.711351 0.503259 0.512409 0.507245 0.549796 0.551193 0.552991 0.543607 0.543312 
0.147740 0.850154 0.929825 0.939885 0.877024 0.874815 0.873336 0.887523 0.888021 0.888514 

